accuracy: 69.69953449005502
roc_auc: 0.865577024633478
