accuracy: 60.20274689339438
roc_auc: 0.8454564807472256
