accuracy: 56.17059891107078
roc_auc: 0.8336397861142233
