accuracy: 68.63963374754742
roc_auc: 0.8959399563996575
