accuracy: 63.82335148215366
roc_auc: 0.8755179923243281
