accuracy: 63.7748624629708
roc_auc: 0.8166235319956812
